targets <- c(
  # CombPrev appendix 8.2.2
  i.prev.dx.B = 0.33,
  i.prev.dx.H = 0.127,
  i.prev.dx.W = 0.084,
  #prep_prop = 0.15,
  cc.dx.B = 0.804,
  cc.dx.H = 0.799,
  cc.dx.W = 0.88,
  cc.linked1m.B = 0.62,
  cc.linked1m.H = 0.65,
  cc.linked1m.W = 0.76,
  cc.vsupp.B = 0.55,
  cc.vsupp.H = 0.60,
  cc.vsupp.W = 0.72,
  #
  ir100.gc = 12.81,
  ir100.ct = 14.59
)
